loss_per = [0.0, 0.0, 0.0, 0.0, 0.0, 0.0, 0.0, 0.0, 0.0, 0.0, 0.0, 0.0, 0.0, 0.0, 0.0, 0.0, 0.0, 0.0, 0.0, 0.0, 0.0, 0.0, 0.019230769230769273, 0.038461538461538436, 0.07692307692307687, 0.17307692307692313, 0.2692307692307693, 0.32692307692307687, 0.32692307692307687, 0.3846153846153846, 0.5576923076923077, 0.6153846153846154, 0.6153846153846154, 0.6153846153846154, 0.6153846153846154, 0.6153846153846154, 0.6153846153846154, 0.6153846153846154, 0.6153846153846154, 0.6153846153846154, 0.019230769230769273, 0.019230769230769273, 0.05769230769230771, 0.13461538461538458, 0.17307692307692313, 0.28846153846153844, 0.32692307692307687, 0.40384615384615385, 0.42307692307692313, 0.4423076923076923, 0.5961538461538461, 0.6153846153846154, 0.6153846153846154, 0.6153846153846154, 0.6153846153846154, 0.6153846153846154, 0.6153846153846154, 0.6538461538461539, 0.7692307692307692, 0.8076923076923077, 0.8076923076923077, 0.8076923076923077, 0.8076923076923077, 0.8076923076923077, 0.8076923076923077, 0.8076923076923077, 0.8076923076923077, 0.8076923076923077, 0.8076923076923077, 0.8076923076923077, 0.8076923076923077, 0.8076923076923077, 0.8076923076923077, 0.8076923076923077, 0.8076923076923077, 0.8076923076923077, 0.8076923076923077, 0.8076923076923077, 0.8076923076923077, 0.8076923076923077, 0.0, 0.019230769230769273, 0.07692307692307687, 0.23076923076923073, 0.3076923076923077, 0.32692307692307687, 0.34615384615384615, 0.42307692307692313, 0.5576923076923077, 0.5961538461538461, 0.6153846153846154, 0.6153846153846154, 0.6153846153846154, 0.6153846153846154, 0.6153846153846154, 0.6538461538461539, 0.6923076923076923, 0.7115384615384616, 0.75, 0.7115384615384616, 0.75, 0.75, 0.75, 0.75, 0.75, 0.75, 0.7692307692307692, 0.8076923076923077, 0.8076923076923077, 0.8076923076923077, 0.8076923076923077, 0.8076923076923077, 0.8076923076923077, 0.8076923076923077, 0.8076923076923077, 0.8076923076923077, 0.8076923076923077, 0.8076923076923077, 0.8076923076923077, 0.8076923076923077, 0.019230769230769273, 0.05769230769230771, 0.13461538461538458, 0.21153846153846156, 0.25, 0.28846153846153844, 0.32692307692307687, 0.3846153846153846, 0.6153846153846154, 0.6153846153846154, 0.6153846153846154, 0.6153846153846154, 0.6153846153846154, 0.6153846153846154, 0.6153846153846154, 0.6153846153846154, 0.6153846153846154, 0.6153846153846154, 0.6153846153846154, 0.6153846153846154, 0.6346153846153846, 0.7115384615384616, 0.7692307692307692, 0.8076923076923077, 0.8076923076923077, 0.8076923076923077, 0.8076923076923077, 0.8076923076923077, 0.8076923076923077, 0.8076923076923077, 0.8076923076923077, 0.8076923076923077, 0.8076923076923077, 0.8076923076923077, 0.8076923076923077, 0.8076923076923077, 0.8076923076923077, 0.8076923076923077, 0.8076923076923077, 0.8076923076923077, 0.019230769230769273, 0.05769230769230771, 0.11538461538461542, 0.17307692307692313, 0.1923076923076923, 0.2692307692307693, 0.28846153846153844, 0.3076923076923077, 0.34615384615384615, 0.5384615384615384, 0.6153846153846154, 0.6153846153846154, 0.6153846153846154, 0.6153846153846154, 0.6153846153846154, 0.6153846153846154, 0.6153846153846154, 0.7307692307692308, 0.8076923076923077, 0.8076923076923077, 0.8076923076923077, 0.8076923076923077, 0.8076923076923077, 0.8076923076923077, 0.8076923076923077, 0.8076923076923077, 0.8076923076923077, 0.8076923076923077, 0.8076923076923077, 0.8076923076923077, 0.8076923076923077, 0.8076923076923077, 0.8076923076923077, 0.8076923076923077, 0.8076923076923077, 0.8076923076923077, 0.8076923076923077, 0.8076923076923077, 0.8076923076923077, 0.8076923076923077]
loss_rob_target = [0.0, 0.0, 0.0, 0.0, 0.0, 0.0, 0.0, 0.0, 0.0, 0.0, 0.0, 0.0, 0.0, 0.0, 0.0, 0.0, 0.0, 0.0, 0.0, 0.0, 0.0, 0.0, 0.019230769230769273, 0.038461538461538436, 0.07692307692307687, 0.17307692307692313, 0.2692307692307693, 0.32692307692307687, 0.32692307692307687, 0.3846153846153846, 0.5576923076923077, 0.6153846153846154, 0.6153846153846154, 0.6153846153846154, 0.6153846153846154, 0.6153846153846154, 0.6153846153846154, 0.6153846153846154, 0.6153846153846154, 0.6153846153846154, 0.019230769230769273, 0.019230769230769273, 0.05769230769230771, 0.13461538461538458, 0.17307692307692313, 0.28846153846153844, 0.32692307692307687, 0.40384615384615385, 0.42307692307692313, 0.4423076923076923, 0.5961538461538461, 0.6153846153846154, 0.6153846153846154, 0.6153846153846154, 0.6153846153846154, 0.6153846153846154, 0.6153846153846154, 0.6538461538461539, 0.7692307692307692, 0.8076923076923077, 0.8076923076923077, 0.8076923076923077, 0.8076923076923077, 0.8076923076923077, 0.8076923076923077, 0.8076923076923077, 0.8076923076923077, 0.8076923076923077, 0.8076923076923077, 0.8076923076923077, 0.8076923076923077, 0.8076923076923077, 0.8076923076923077, 0.8076923076923077, 0.8076923076923077, 0.8076923076923077, 0.8076923076923077, 0.8076923076923077, 0.8076923076923077, 0.8076923076923077, 0.0, 0.019230769230769273, 0.07692307692307687, 0.23076923076923073, 0.3076923076923077, 0.32692307692307687, 0.34615384615384615, 0.42307692307692313, 0.5576923076923077, 0.5961538461538461, 0.6153846153846154, 0.6153846153846154, 0.6153846153846154, 0.6153846153846154, 0.6153846153846154, 0.6153846153846154, 0.6153846153846154, 0.6153846153846154, 0.6153846153846154, 0.6153846153846154, 0.6153846153846154, 0.6153846153846154, 0.6153846153846154, 0.6153846153846154, 0.6153846153846154, 0.6153846153846154, 0.6538461538461539, 0.7692307692307692, 0.8076923076923077, 0.8076923076923077, 0.8076923076923077, 0.8076923076923077, 0.8076923076923077, 0.8076923076923077, 0.8076923076923077, 0.8076923076923077, 0.8076923076923077, 0.8076923076923077, 0.8076923076923077, 0.8076923076923077, 0.019230769230769273, 0.05769230769230771, 0.13461538461538458, 0.21153846153846156, 0.25, 0.28846153846153844, 0.32692307692307687, 0.3846153846153846, 0.6153846153846154, 0.6153846153846154, 0.6153846153846154, 0.6153846153846154, 0.6153846153846154, 0.6153846153846154, 0.6153846153846154, 0.6153846153846154, 0.6153846153846154, 0.6153846153846154, 0.6153846153846154, 0.6153846153846154, 0.6346153846153846, 0.7115384615384616, 0.7692307692307692, 0.8076923076923077, 0.8076923076923077, 0.8076923076923077, 0.8076923076923077, 0.8076923076923077, 0.8076923076923077, 0.8076923076923077, 0.8076923076923077, 0.8076923076923077, 0.8076923076923077, 0.8076923076923077, 0.8076923076923077, 0.8076923076923077, 0.8076923076923077, 0.8076923076923077, 0.8076923076923077, 0.8076923076923077, 0.019230769230769273, 0.05769230769230771, 0.11538461538461542, 0.17307692307692313, 0.1923076923076923, 0.2692307692307693, 0.28846153846153844, 0.3076923076923077, 0.34615384615384615, 0.5384615384615384, 0.6153846153846154, 0.6153846153846154, 0.6153846153846154, 0.6153846153846154, 0.6153846153846154, 0.6153846153846154, 0.6153846153846154, 0.7307692307692308, 0.8076923076923077, 0.8076923076923077, 0.8076923076923077, 0.8076923076923077, 0.8076923076923077, 0.8076923076923077, 0.8076923076923077, 0.8076923076923077, 0.8076923076923077, 0.8076923076923077, 0.8076923076923077, 0.8076923076923077, 0.8076923076923077, 0.8076923076923077, 0.8076923076923077, 0.8076923076923077, 0.8076923076923077, 0.8076923076923077, 0.8076923076923077, 0.8076923076923077, 0.8076923076923077, 0.8076923076923077]
